0: Identity(alpha=1.0)
-0.10066757 0.53054714 -0.21420494 0.39663374 -0.022624208 -3.023489 -4.9827237 -0.4425979 7.6997213 -0.46442387 -0.16117658 -0.013589435 7.577229 0.0052247792 -0.6743745 -7.133505 5.940329 0.5552658 
7.7348223 0.3876172 -0.23313566 0.36389124 -0.092468716 0.37541577 3.077638 -0.0441562 0.09307887 -0.5672931 -7.300449 0.034057934 -0.22030246 -0.34006205 -0.17612907 0.56923985 0.212387 -3.5417976 
-0.14172392 6.2392397 -0.35684982 0.73040813 8.462624 0.2952564 2.9394758 -0.40170747 0.19943367 3.510088 -0.13067725 -3.049406 -0.3851503 -0.12679431 -0.079757996 0.29966652 0.4265874 0.4683552 
-0.09797207 0.26144883 -6.3996177 -2.5409868 0.120383985 0.31786388 -0.12173828 -0.1796382 0.23660634 0.13730738 -0.08499092 -0.14500028 -0.18654037 -0.32706037 10.871091 0.5777821 -3.5285473 0.36400342 
8.110888 0.69184655 7.4353414 -3.3418589 10.695241 -2.583695 -0.6736018 -0.40551245 -8.073536 0.8201565 8.436998 2.7812316 -7.6151614 0.83107376 0.7638343 -8.020329 0.66090673 -3.1048617 
0.046771728 -3.256624 7.187774 10.522964 -0.29504442 0.55167985 -0.51790315 -0.6079058 0.34453636 0.02061881 0.059986617 -0.09706933 -0.320081 0.04034541 1.1105392 0.0076241205 0.46265766 0.2782506 
-0.07844578 0.34903407 -0.27615157 0.5016582 -8.484841 0.17831783 -0.29810238 -6.7795887 0.19321129 0.47547448 -0.14564344 2.837195 -0.21803407 -2.5453098 -0.23957287 0.4077395 -3.3635755 0.74422693 
-6.9087353 0.4553713 -0.1730036 0.31678906 0.2570366 0.7379655 -0.09687388 6.775658 0.3601032 -0.24194989 8.128946 -0.22630925 -0.08014326 -0.38737243 -0.11499849 -0.044204276 0.51248866 -3.5301478 
-0.12973668 -3.2492359 -0.46574253 0.74035686 0.007587722 -2.6302867 -0.2993124 6.790364 -8.031315 0.10140565 -0.15600239 -0.0033690203 7.7751226 -0.25916952 0.18061401 7.0192666 0.42479008 0.3778313 

1: Sigmoid(alpha=1.0)
1.6579213 -5.7416716 2.800404 1.2641625 -1.1899188 1.6793302 0.89322346 2.722737 0.27207494 
-0.7398209 -0.9386735 0.90208846 0.3188252 -0.84986895 4.5323544 -0.57127047 -0.20140707 2.5685174 
0.43111625 1.4742694 1.6897331 0.45437458 -1.3492221 -2.9740565 0.55277884 1.4213612 1.5062969 
2.2812488 1.6992971 2.3765852 4.3092136 4.1560864 -16.816235 2.1002796 2.2732966 2.8472774 
0.44842294 0.38411278 -6.2122674 -0.06436098 5.1686764 0.58421236 4.447899 0.110025756 0.92454094 
3.265429 -0.13208985 0.47635674 -0.25930792 3.1427693 -1.9597919 0.07033664 -2.9193137 2.9621434 
-0.0568124 -3.6447594 -2.1727078 1.6428488 2.4358485 1.6283094 1.2868342 1.331898 0.6057492 
1.3001045 0.80030453 1.520998 0.7523801 2.1840398 1.8686485 0.31394672 -2.3090403 -1.2274303 
-2.964909 -0.8479214 -0.38400838 -0.032689705 6.17962 -0.7010489 -0.7724874 -1.5453845 5.2626286 
3.9593315 7.369517 -7.7740703 3.5228534 -5.044286 1.3164519 -2.3071332 4.25834 0.020419424 
0.58440846 2.8771942 0.9613144 1.4428921 -1.3920201 1.6067955 1.8584348 -5.037172 1.9412055 
1.6410452 2.7381592 5.44307 3.0519617 -7.774552 3.3479085 -6.5612936 3.215436 0.37185362 
-3.3238091 -0.66386604 1.1702176 0.8086805 4.001354 2.088271 0.666583 1.1404194 -2.1971757 
-0.29666197 2.3974378 4.8330355 -1.7650112 -7.6881957 0.28257835 3.9035225 2.852474 0.08329309 
3.5374136 3.4517112 3.9976573 -23.037638 0.68381286 2.8521447 5.1393003 3.9973333 3.3798099 
4.750911 -0.70289874 0.85637194 -0.15026347 1.785908 0.33040112 0.3458654 -0.09325165 -2.9647167 
0.7132245 -0.81244266 -0.33888385 3.3673556 -1.4718844 0.05098791 3.0208344 -0.20936233 -0.18163154 
-0.77198154 3.4577608 -1.7790289 -0.7249187 3.6492074 -0.3414706 -0.8765099 3.0568054 -0.9937317 

2: Softmax
