0: Identity(alpha=1.0)
-12.145751 2.073325 12.951133 
1.1150045 -0.06195715 0.096606225 
0.71712816 -0.20939824 0.7030774 
1.1709 -0.17476055 0.087339945 
-14.296308 -0.776362 -14.296511 
0.09506792 -0.016258825 1.1301389 
0.67869234 -0.1461845 0.7399417 
0.05315392 -0.21718144 1.2096803 
12.994527 2.0090592 -12.20889 

1: Sigmoid(alpha=0.6)
6.39988 -0.518157 0.16271828 -0.579076 1.8143175 0.51469594 -0.052652918 0.5714632 -2.58722 
-6.711743 2.69821 3.4324198 2.6319888 0.63071287 2.7353327 3.3371522 2.7395527 -6.6955843 
-2.6981854 0.45350757 0.0051085013 0.42284796 1.681042 -0.57740325 0.0103553645 -0.5629443 6.382921 

2: Softmax
