0: Identity(alpha=1.0)
1.9784559 3.2748632 -0.22412851 -0.028109185 -4.5519695 -0.1897734 -0.13551052 0.0057524536 -0.20748405 
-0.07478494 -0.622101 2.3967988 0.21688394 -0.2528552 -0.14081986 0.28353873 -0.12189874 2.2770264 
-0.21465223 -0.7353697 0.3641729 2.2147138 -0.58882135 0.023810985 0.38240403 2.5252476 -0.13055627 
0.102645576 -0.19167729 -0.0074250484 -0.043767594 0.07678417 2.404091 -1.3590739 -0.16174974 -0.04808548 
-2.9569933 4.315039 -0.2850102 -0.3331143 4.344989 -4.6583557 -0.5467369 -4.7803817 -4.613625 
-0.08557945 -0.40659454 0.4743628 0.20640193 -0.6172452 2.1272502 2.4254065 -0.041833404 -0.12172849 
0.16834377 0.03983156 -0.13916859 -1.5313238 0.03758165 -0.050268 -0.1544211 2.5888035 0.07407316 
-0.01820019 0.15068819 -1.3677019 0.046764605 -0.23499659 -0.099921755 -0.051352665 -0.07197178 2.365047 
2.0081797 -4.545902 -0.17781618 -0.16440204 3.278303 -0.16383083 -0.28015208 0.057160493 -0.15644348 

1: Sigmoid(alpha=0.6)
-9.305129 3.8366587 4.519474 3.1879702 2.3155887 3.8102314 3.17419 3.1252415 -9.274265 
-4.275107 2.162462 1.879073 -0.2831431 -1.3585871 1.4148377 -0.2639834 -0.75318813 6.50272 
1.3267727 -12.422666 3.15767 0.33355325 0.9451263 2.7066147 -0.1751426 8.581938 0.6522887 
0.3455324 3.8541791 -11.093615 -1.2208697 0.45172057 3.7903993 8.247743 -1.1889774 0.33258542 
6.396872 1.4151778 1.8797905 -0.8395789 -1.3413522 2.1596358 -0.34380296 -0.32177883 -4.2946763 
2.8573267 2.961711 4.073327 -7.941817 2.6626563 -6.100808 2.768551 1.944679 2.8424609 
0.549028 2.5755577 3.0349267 8.506927 0.82326365 -12.574912 -0.33953586 0.22415014 1.1905107 
3.120395 3.7673965 -7.3049 2.9629323 0.45800072 3.737137 -8.366226 2.9757206 3.1442897 
2.5966547 -6.2875857 3.899571 1.8043214 2.4486282 2.7451818 2.5164623 -8.203343 2.669581 

2: Softmax
